B3678/S34678
17 4
19 4
21 4
23 4
25 4
27 4
29 4
31 4
33 4
35 4
9 5
14 5
15 5
16 5
18 5
20 5
22 5
24 5
26 5
28 5
30 5
32 5
34 5
36 5
37 5
1 6
4 6
5 6
7 6
10 6
11 6
12 6
13 6
14 6
15 6
16 6
17 6
18 6
19 6
20 6
21 6
22 6
23 6
24 6
25 6
26 6
27 6
28 6
29 6
30 6
31 6
32 6
33 6
34 6
35 6
36 6
37 6
38 6
1 7
2 7
3 7
5 7
6 7
9 7
10 7
11 7
12 7
13 7
14 7
17 7
18 7
19 7
20 7
21 7
22 7
23 7
24 7
25 7
26 7
27 7
28 7
29 7
30 7
31 7
32 7
33 7
34 7
35 7
36 7
37 7
39 7
0 8
3 8
6 8
7 8
8 8
9 8
10 8
11 8
12 8
18 8
19 8
20 8
21 8
22 8
23 8
24 8
25 8
26 8
27 8
28 8
29 8
30 8
32 8
34 8
35 8
36 8
37 8
38 8
39 8
40 8
41 8
43 8
44 8
45 8
5 9
8 9
9 9
17 9
18 9
19 9
20 9
21 9
22 9
23 9
24 9
25 9
26 9
27 9
28 9
29 9
30 9
31 9
33 9
35 9
36 9
37 9
38 9
39 9
40 9
41 9
42 9
43 9
45 9
46 9
9 10
10 10
14 10
16 10
17 10
18 10
19 10
20 10
21 10
22 10
23 10
24 10
25 10
26 10
27 10
28 10
29 10
31 10
34 10
36 10
37 10
38 10
39 10
40 10
42 10
44 10
45 10
46 10
47 10
12 11
14 11
15 11
16 11
17 11
18 11
19 11
20 11
22 11
24 11
25 11
26 11
27 11
28 11
29 11
30 11
36 11
37 11
38 11
39 11
41 11
43 11
45 11
46 11
13 12
14 12
15 12
16 12
17 12
18 12
19 12
20 12
21 12
23 12
25 12
26 12
27 12
28 12
29 12
31 12
34 12
36 12
37 12
38 12
39 12
40 12
41 12
42 12
44 12
13 13
14 13
15 13
16 13
17 13
18 13
19 13
21 13
24 13
26 13
27 13
28 13
29 13
30 13
31 13
33 13
35 13
36 13
37 13
38 13
39 13
40 13
41 13
42 13
44 13
12 14
14 14
15 14
16 14
17 14
18 14
19 14
20 14
26 14
27 14
28 14
29 14
30 14
32 14
34 14
35 14
36 14
37 14
38 14
39 14
41 14
43 14
45 14
46 14
9 15
10 15
14 15
16 15
17 15
18 15
19 15
21 15
24 15
26 15
27 15
28 15
29 15
30 15
31 15
32 15
33 15
34 15
35 15
36 15
37 15
38 15
39 15
40 15
42 15
44 15
45 15
46 15
47 15
5 16
8 16
9 16
17 16
18 16
19 16
20 16
21 16
23 16
25 16
26 16
27 16
28 16
29 16
30 16
31 16
32 16
33 16
34 16
35 16
36 16
37 16
38 16
39 16
40 16
41 16
42 16
43 16
45 16
46 16
0 17
3 17
6 17
7 17
8 17
9 17
10 17
11 17
12 17
18 17
19 17
20 17
22 17
24 17
25 17
26 17
27 17
28 17
29 17
30 17
31 17
32 17
33 17
34 17
35 17
36 17
37 17
38 17
39 17
40 17
41 17
43 17
44 17
45 17
1 18
2 18
3 18
5 18
6 18
9 18
10 18
11 18
12 18
13 18
14 18
17 18
18 18
19 18
20 18
21 18
22 18
23 18
24 18
25 18
26 18
27 18
28 18
29 18
30 18
31 18
32 18
33 18
34 18
35 18
36 18
37 18
39 18
1 19
4 19
5 19
7 19
10 19
11 19
12 19
13 19
14 19
15 19
16 19
17 19
18 19
19 19
20 19
21 19
22 19
23 19
24 19
25 19
26 19
27 19
28 19
29 19
30 19
31 19
32 19
33 19
34 19
35 19
36 19
37 19
38 19
9 20
14 20
15 20
16 20
18 20
20 20
22 20
24 20
26 20
28 20
30 20
32 20
34 20
36 20
37 20
17 21
19 21
21 21
23 21
25 21
27 21
29 21
31 21
33 21
35 21
